service_id,monday,tuesday,wednesday,thursday,friday,saturday,sunday,start_date,end_date
6870,0,0,0,0,1,0,0,20260821,20260821
6873,0,0,0,0,0,1,0,20260822,20260822
7147,1,1,1,1,1,1,1,20260414,20261025
7435,0,0,0,0,0,1,1,20261003,20261004
7439,0,0,0,0,0,1,1,20261010,20261011
7443,0,0,0,0,0,1,1,20261017,20261018
7447,0,0,0,0,1,1,1,20261023,20261025
7483,0,0,0,0,0,1,1,20261031,20261101
7505,0,0,0,0,0,1,1,20261003,20261025
7507,0,0,0,0,0,1,1,20261003,20261101
7515,0,0,0,0,1,0,0,20261023,20261023
7551,1,1,1,1,1,1,1,20260907,20261025
7562,1,1,1,1,1,1,1,20261026,20261101
7595,1,1,1,1,1,1,1,20260928,20261025
7661,0,0,0,0,0,1,0,20261031,20261031
7663,0,0,0,0,1,1,0,20261023,20261024
